pose1 0.3108645 0.020058274 -0.18865481 -0.031293318 0.058280416 -0.0019633044 -0.10469805 0.02149409 -0.27307758 -0.20297368 -0.0062562674 -0.14980762 -0.18144196 0.18746112 0.29409263 0.023428591 -0.010670603 -0.04258172 0.025357142 -0.064704984 0.02929939 -0.0041463245 -0.017654836 -0.3464722 -0.048130073 0.17973514 -0.07670497 -0.031388465 -0.21156397 -0.024756826 -0.20784336 -0.11156115 0.20593236 -0.058728512 -0.03927154 0.079464816 0.028721787 -0.017046757 -0.15017962 -0.3476672 -0.047599178 0.20812775 0.030241515 0.106475584 -0.011540642 0.21453263 -0.10317777 -0.16830552 0.008748924 0.11904274 -0.054293733 -0.034018166 0.08993234 0.024357826 -0.22240971 -0.20378199 0.02124651 0.0659529 0.17858106 0.17207079 0.15511659 0.115180165 0.07184896 0.15558092 0.0061390176 -0.045532137 0.22522043 -0.1551109 -0.079684615 -0.13282701 0.17917272 0.10578884 -0.042955436 0.044618785 0.11563271 0.21384443 0.057708126 -0.07307625 0.26643956 0.3833743 0.059550487 0.07920644 0.26420957 -0.05617018 0.024012044 0.042192698 -0.08033851 -0.027842052 -0.11501177 -0.10145036 0.24485199 0.27105424 0.17450964 0.14926298 0.04034131 0.2721895 0.20626204 0.0032381415 0.00950047 0.092921145 0.24381591 0.17275529 -0.086696446 -0.075989194 -0.0090321675 -0.019061018 0.27094918 0.11982635 -0.25520027 -0.04935532 0.22039561 0.018295098 0.11962487 0.10958107 0.059465848 -0.14354484 0.113300145 0.17291722 0.005708169 -0.029068772 0.07837206 0.22699772 0.2627583 0.03917176 -0.17555097 -0.30521446 -0.032867763 -0.03924086
pose2 0.22145614 -0.10940992 -0.17554519 0.044198487 0.033449225 -0.0047666295 -0.04946773 0.033962116 -0.17028917 -0.082566224 0.16054597 -0.071742535 -0.07713456 0.18907726 0.058046214 -0.009525211 -0.06142194 -0.05147347 0.043583546 -0.12445673 0.08421165 0.0049079834 -0.057624616 -0.16310796 0.06356778 0.1679034 -0.055834193 -0.020957887 -0.10503839 0.07192108 -0.061401434 -0.025790058 0.20020746 -0.1445169 -0.025105229 0.04902125 -9.8648015e-05 -0.006556964 -0.111330196 -0.20458506 0.06659817 0.22265498 -0.05653971 -0.013471134 -0.043911155 0.15381218 -0.16564862 -0.11855462 0.04710684 0.15936604 -0.063312426 -0.034638826 0.10012631 -0.044496678 -0.15855134 -0.1151825 0.06882849 0.022761937 0.09471196 0.08036297 0.02106446 0.0050577447 -0.023019413 -0.02341475 -0.03590847 0.007808581 0.13206217 -0.1802775 -0.009017311 0.02397487 0.17682669 -0.011478506 -0.07686991 0.03197436 0.026630756 0.07095237 -0.07758476 -0.0542214 0.22096723 0.170632 -0.089569055 0.026253272 0.108304776 -0.07122009 -0.013215462 0.021997556 -0.07438853 -0.026377222 -0.03484092 -0.030645844 0.23790598 0.10540485 0.0060071424 0.03785568 -0.064819776 0.13068911 0.071918294 -0.13194442 -0.021124652 0.076515 0.105035454 0.04280153 -0.13747397 -0.08276923 0.051989984 0.03793524 0.1874505 -0.011194989 -0.23485318 0.017290466 0.13848671 -0.10905802 0.031541068 0.08182322 -0.010798693 -0.15998738 0.15177631 0.07448212 -0.08731391 -0.05065568 0.021036392 0.11685355 0.071469605 -0.09869307 -0.15016735 -0.1564207 0.10169813 0.01580286
pose3 0.28813946 0.0113963 -0.20471312 -0.03866056 0.11126071 -0.05459623 -0.016938813 0.032933902 -0.17408954 -0.10026851 0.029266074 0.008362465 -0.25627255 0.17431507 0.23923561 -0.12573026 0.09448393 -0.2057834 0.09580776 -0.105841935 -0.01655326 0.08841406 -0.011819098 -0.27863654 0.014349125 0.20837277 -0.04316181 0.009640751 -0.14388464 0.054766722 -0.14201145 -0.084915176 0.17169087 -0.016809434 -0.18625891 0.1897569 -0.112581894 0.12531874 -0.17160921 -0.21942458 -0.041810047 0.19242258 -0.016655704 0.045929823 -0.08230507 0.20637278 -0.0986913 -0.17430751 0.0657192 0.07467518 0.035820305 -0.13785768 0.13970399 0.011059254 -0.20754029 -0.1692566 -0.023942929 0.083330184 0.030907035 0.13641313 0.041126475 0.015256822 -0.023208892 0.11068811 -0.0757264 -0.049318817 0.23936053 -0.13884656 -0.028265543 -0.111551434 0.17656425 0.06916946 -0.089540526 -0.014014214 0.0510863 0.11049226 0.03734412 -0.19277659 0.22471066 0.24799868 -0.027476732 -0.013956718 0.28873897 -0.18750215 0.13222948 -0.100596935 0.056856807 -0.11555013 0.0071179643 -0.17457856 0.22141767 0.15882146 0.078505166 0.03542553 -0.03190986 0.16444427 0.10109384 -0.00022704154 -0.15290526 0.11290558 0.10794973 0.1405549 -0.13489085 -0.031523317 -0.05469106 0.03302278 0.18417847 0.17294946 -0.33129877 -0.030604733 0.14602031 -0.018417556 0.02078104 0.08907428 0.042649966 -0.15120828 0.024593778 0.20909342 -0.1481601 -0.019202024 -0.07107335 0.17756227 0.112553254 0.06926453 -0.17796142 -0.169325 -0.0492961 0.05556413
pose4 0.2535685 -0.07364625 -0.21784876 0.013637239 0.103871234 -0.09479472 0.04537776 -0.040322438 -0.14939055 -0.08459538 0.040103424 0.04304435 -0.19036573 0.27037734 0.10904886 -0.13653536 0.11183395 -0.22497824 0.1408821 -0.13780823 -0.012489431 0.120579146 -0.13839023 -0.20316541 0.10300512 0.12324389 0.0005238764 -0.050043046 -0.08860126 0.04594958 -0.09994908 0.0334045 0.12703088 -0.015347876 -0.175061 0.20181218 -0.15578231 0.12511374 -0.2449336 -0.14928745 0.03327956 0.18559888 0.025520455 -0.041354045 -0.026095722 0.14901589 -0.13459061 -0.17082496 0.09105444 0.05879636 0.07803339 -0.15997219 0.18199101 -0.05062639 -0.20827937 -0.076311 -0.010445654 0.11542112 0.0053096637 0.14251229 0.015842654 -0.017065946 -0.0042484105 0.019122753 -0.14395404 0.077080235 0.09227131 -0.12555131 -0.08066565 0.008796267 0.20770714 0.00021611527 -0.09364646 0.0057931393 0.06815382 0.054949626 -0.03986062 -0.13622238 0.28335798 0.18031427 -0.090563975 0.019983795 0.1780094 -0.18500355 0.14764658 -0.14894126 0.09002592 -0.17491786 0.044110894 -0.1018075 0.27828375 0.123662576 0.03422641 0.0032301843 -0.00920961 0.1233038 0.06289412 -0.029459689 -0.18060076 0.18977259 0.056872316 0.074617565 -0.16823442 -0.034190033 -0.05839847 0.13762842 0.15450159 0.085439056 -0.3356303 0.080749005 0.09343747 -0.021413334 -0.038476642 0.107636735 -0.0111042075 -0.12464029 0.06799962 0.21644601 -0.20412911 0.044230994 -0.049884357 0.1967784 0.052201696 -0.03220662 -0.2349462 -0.08949494 -0.016969323 0.12085496
pose5 0.32659304 0.010658499 -0.1620597 -0.0042321114 -0.04902453 0.093421265 -0.21728447 0.07183081 -0.31204262 -0.2955451 0.10257757 -0.28037387 -0.052975662 0.11073698 0.2106673 0.2342058 -0.22265458 0.15043831 -0.08369514 -0.09317031 0.14333506 -0.14249194 0.0046377257 -0.30847612 -0.1303913 0.18745416 -0.11653231 -0.04084728 -0.24836008 -0.041033205 -0.17880815 -0.18161678 0.27577454 -0.19208384 0.1415185 -0.12064037 0.22035335 -0.1956154 -0.0335228 -0.4374826 -0.05512516 0.26606455 -0.004484293 0.12402723 0.00888541 0.22723973 -0.1180951 -0.14158854 -0.08075003 0.23543045 -0.20521 0.095618844 0.007933386 0.016793806 -0.17988674 -0.2583716 0.10624799 -0.034571048 0.30088785 0.14117737 0.19635971 0.17625974 0.09600928 0.065996565 0.11836952 -0.0777691 0.22805502 -0.18838683 -0.055896953 -0.09692746 0.14627524 0.11435747 -0.006020859 0.08954004 0.08618683 0.24904673 0.02348664 0.05890835 0.21864899 0.43434042 0.10507476 0.1310359 0.16543743 0.13738541 -0.18484452 0.24563283 -0.2800776 0.119310856 -0.20598537 -0.030920628 0.21014246 0.3089186 0.18731636 0.23947152 0.018672204 0.30046985 0.2821852 -0.11317734 0.20313099 0.0004957244 0.31005234 0.16781896 -0.039224572 -0.17373107 0.112888366 -0.08879657 0.33522812 0.038473163 -0.11775255 -0.109647945 0.29525104 -0.050468896 0.1843991 0.12211897 0.0722654 -0.18756525 0.2324098 0.031550333 0.15808925 -0.106325135 0.19086424 0.1597161 0.33181906 -0.032280993 -0.07714799 -0.4414199 0.087962314 -0.13369176
pose6 0.18012121 -0.04584337 -0.10590899 0.026517477 -0.042950533 0.09364659 -0.13458194 0.12359617 -0.15249172 -0.111555405 0.19636774 -0.14578058 -0.00022995472 0.0115520805 0.048682764 0.14274202 -0.19670404 0.09785391 -0.074813545 -0.08801316 0.13919628 -0.108220555 0.063386604 -0.12090917 -0.04753526 0.16501756 -0.07716916 0.023145167 -0.113969296 0.062479034 -0.03572291 -0.121935844 0.1893997 -0.199851 0.09352845 -0.1183902 0.16119601 -0.13168125 0.053678244 -0.22577637 0.004506214 0.17663872 -0.11832659 0.04307412 -0.03486299 0.13944805 -0.10799901 -0.061428465 -0.025343299 0.20275305 -0.16877927 0.06829013 -0.015188307 -0.000109890476 -0.08276823 -0.15970154 0.0849895 -0.085969806 0.1589207 0.022080101 0.053995598 0.045375697 -0.02544926 -0.038375396 0.09550165 -0.08749413 0.14600864 -0.13911462 0.057277363 -0.02369871 0.077591866 0.030052062 -0.03088386 0.029998071 -0.030685537 0.095985055 -0.035698008 0.0089049935 0.07022862 0.18839768 -0.014373266 0.02800105 0.07734385 0.07815483 -0.16982019 0.19416752 -0.22918892 0.119343504 -0.088924095 0.00078522414 0.10258387 0.104834065 0.012482509 0.09108094 -0.09407084 0.1392603 0.11672899 -0.1719479 0.11555333 -0.07787478 0.13630992 0.051851645 -0.055870786 -0.108548716 0.13755192 -0.07822096 0.18460779 -0.014225706 -0.07590748 -0.1202953 0.16008422 -0.14487034 0.089578845 0.044461735 0.04036576 -0.14449571 0.16505985 -0.051831573 0.049375687 -0.13513353 0.076983094 -0.007786572 0.11034332 -0.07587814 0.021327257 -0.23765817 0.14606401 -0.09146817
pose7 0.3423814 -0.04897521 -0.2224201 0.0155712 0.03960613 -0.032713123 -0.10274649 -0.04401081 -0.27285108 -0.2564815 0.0015537143 -0.15879995 -0.11519889 0.3386155 0.18483585 0.062468987 -0.015040186 -0.05067019 0.09872397 -0.14492406 0.06634602 0.018650599 -0.16908506 -0.31182644 0.0047572954 0.16079578 -0.084247686 -0.09881493 -0.20960364 -0.048242632 -0.17503601 -0.058644827 0.26551008 -0.10674732 -0.003721282 0.0969748 -0.008133259 -0.03734267 -0.25261042 -0.3336025 0.00248624 0.28408805 0.06505012 0.038600214 0.0019205064 0.22173762 -0.16130875 -0.18700048 -0.0010100454 0.16874252 -0.051107086 -0.041691814 0.15449451 -0.053803004 -0.23728244 -0.17216434 0.09721415 0.10764077 0.19238797 0.22579528 0.14270526 0.12586626 0.12869099 0.07691891 -0.05352577 0.031741515 0.17391458 -0.2236875 -0.13307543 -0.019471355 0.2433327 0.058490884 -0.049907867 0.09537606 0.1622476 0.20290737 -0.013514895 -0.0052392706 0.3866347 0.36583474 0.036898986 0.12649834 0.18649177 -0.03240458 0.024964787 0.017680574 -0.06802737 -0.09850927 -0.088492036 -0.052074432 0.3590759 0.30085668 0.17179608 0.17003843 0.071146846 0.27887076 0.2360535 -0.028965645 0.021951415 0.20313889 0.22761263 0.15415427 -0.1118327 -0.13873741 -0.0035814568 0.078048125 0.28962797 0.044623524 -0.2789641 0.043926947 0.25340542 0.0038555637 0.077690154 0.15215029 0.026793683 -0.16911896 0.21305539 0.20202602 -0.02764675 0.02109867 0.13508596 0.31088954 0.22706097 -0.061233025 -0.26264054 -0.30983737 0.0014642924 0.042017173
pose8 0.25392878 -0.025387397 -0.16226205 -0.016617605 0.062181044 -0.01659916 -0.039743625 0.032833118 -0.18551964 -0.11991958 0.044366747 -0.06658374 -0.15401363 0.15461195 0.18768622 -0.018358601 0.017834255 -0.08315165 0.045955397 -0.06819465 0.026785564 0.029135033 -0.020019807 -0.23704979 0.0068484973 0.15057485 -0.037629165 -0.007996126 -0.12513396 0.030884042 -0.12632817 -0.055282746 0.15488592 -0.051906522 -0.07007854 0.08624854 -0.014970042 0.019845946 -0.12287688 -0.24085385 -0.005445887 0.16864854 -0.02078095 0.043724287 -0.033669546 0.16352175 -0.10741809 -0.13646387 0.044235982 0.09811847 -0.011959355 -0.05989681 0.093852565 0.010700086 -0.1754811 -0.14045113 0.0075993612 0.04876448 0.09157859 0.10385997 0.07340879 0.032453276 0.009469562 0.0756615 -0.025742993 -0.013615243 0.1565055 -0.1254727 -0.03499326 -0.07287787 0.1454744 0.044967398 -0.060506374 0.012876239 0.050400067 0.1228563 0.0075728316 -0.087747335 0.19245204 0.25484276 -0.025882434 0.030849565 0.19590561 -0.08649932 0.043178134 -0.003976213 -0.037266724 -0.049124964 -0.042782817 -0.08677223 0.20271628 0.16438553 0.07664473 0.07077102 -0.018524505 0.18070233 0.112970516 -0.023921814 -0.04877276 0.07540041 0.15063022 0.10088823 -0.10344167 -0.048219573 -0.00672587 0.01369916 0.18414667 0.0947308 -0.24392474 -0.03467081 0.14473113 -0.03560424 0.053282022 0.08117377 0.027564032 -0.1214944 0.085269645 0.14161325 -0.066259414 -0.02392949 0.014272695 0.14629635 0.15013066 0.0024352614 -0.13610588 -0.1944739 0.004515616 -0.0041445186
pose9 0.3398694 0.0027859174 -0.22540516 -0.022416584 0.08566681 -0.07934455 -0.040457483 -0.076771975 -0.23976812 -0.22695944 -0.056984343 -0.0718786 -0.21301234 0.32990098 0.23153636 -0.029861614 0.09435446 -0.1718721 0.15405414 -0.13699722 -0.0067025423 0.09282425 -0.16668424 -0.3253755 -0.0007575676 0.147812 -0.045228142 -0.10244572 -0.19183609 -0.050129782 -0.18978056 -0.05932105 0.19906105 -0.007324934 -0.121147424 0.1956465 -0.10061134 0.06681819 -0.29592147 -0.29069132 -0.046173494 0.24346082 0.10809867 0.040626414 -0.00585125 0.21302868 -0.110932894 -0.20691918 0.01665702 0.09034556 0.041806668 -0.12902 0.19373262 -0.04009102 -0.25423932 -0.16480473 0.023030613 0.15396056 0.11493743 0.25254518 0.13052827 0.10289931 0.11949393 0.11906597 -0.09360783 0.041020654 0.17425765 -0.16402684 -0.15754259 -0.058794763 0.23639767 0.084347725 -0.05621562 0.057162203 0.16367957 0.18945968 0.033036243 -0.085983776 0.3801857 0.35620156 0.04585038 0.10289899 0.23653632 -0.118612185 0.12753458 -0.09232878 0.040157776 -0.17210166 -0.030100975 -0.12361421 0.33371237 0.28506273 0.17929141 0.13595678 0.085482515 0.25125584 0.2114575 0.036798403 -0.08899037 0.2452067 0.18095988 0.1790263 -0.11054677 -0.090984605 -0.08042091 0.110338375 0.24503049 0.1304636 -0.33433768 0.05230068 0.21349141 0.05648942 0.03899376 0.15399027 0.037477076 -0.14822231 0.11376258 0.27184844 -0.095786095 0.062446546 0.050697166 0.32573047 0.20546842 0.018887687 -0.27963305 -0.25927693 -0.08874315 0.09347834
pose10 0.22126038 -0.06707196 -0.15153785 0.023275 0.0109477155 0.045349024 -0.09597029 0.10030603 -0.17508373 -0.10390037 0.1830151 -0.109540366 -0.06087494 0.09235521 0.09688285 0.04765651 -0.12317684 0.017952442 -0.023682885 -0.100569434 0.10996436 -0.053452916 0.029248834 -0.17755428 0.0067228694 0.19075887 -0.07969417 0.021612884 -0.1207065 0.07766056 -0.070016816 -0.083761394 0.21016183 -0.17168169 0.022976842 -0.027973726 0.077110484 -0.063402995 -0.022199385 -0.23386486 0.032295465 0.20872678 -0.10193576 0.028296448 -0.055951424 0.16569683 -0.14171413 -0.10523632 0.019684466 0.18330698 -0.11708557 0.015948288 0.041171193 -0.007234565 -0.13362338 -0.15074119 0.07328035 -0.038024757 0.12717803 0.046156906 0.03524823 0.02422701 -0.038054213 -0.007816318 0.029749665 -0.056732237 0.17477472 -0.17303081 0.034502234 -0.029338136 0.1354439 0.017493192 -0.06683256 0.02753229 -0.00350333 0.09342533 -0.049868584 -0.049362104 0.14203444 0.20126781 -0.054717526 0.01170296 0.12757742 -0.013147477 -0.08164338 0.10929901 -0.14943184 0.051299337 -0.07434202 -0.035832383 0.17482996 0.11649569 0.013306588 0.06400046 -0.089244455 0.14652759 0.095892355 -0.14569747 0.04199776 -0.01880356 0.13658337 0.060535766 -0.10731848 -0.09087743 0.09413249 -0.03860523 0.19935323 0.010191523 -0.17753683 -0.05830645 0.15924458 -0.13484925 0.07154273 0.057339456 0.017823918 -0.15956244 0.14909437 0.023923136 -0.021514248 -0.10655977 0.040932696 0.053990535 0.11011935 -0.07113317 -0.07407424 -0.20639363 0.12618487 -0.051066097
pose11 0.33620808 -0.04499843 -0.22236551 0.002696511 0.04232027 -0.008852514 -0.10193373 0.022680331 -0.24316466 -0.21318442 0.07808657 -0.13581808 -0.13884854 0.25447357 0.1919262 0.041640025 -0.0412099 -0.03964822 0.07020597 -0.1450913 0.08491041 0.0044030705 -0.08843903 -0.29958925 0.005453025 0.20636116 -0.08040149 -0.040935338 -0.18156473 0.018035213 -0.14664312 -0.07716205 0.27431315 -0.12858409 -0.017624097 0.07515155 0.0052656108 -0.02908919 -0.18703985 -0.31778425 0.005107972 0.28628707 -0.0030074567 0.027736679 -0.036906812 0.22895135 -0.16588357 -0.18900278 0.01624798 0.19013613 -0.07065301 -0.029913727 0.1350689 -0.031877078 -0.21387692 -0.18179858 0.08074212 0.051171955 0.15783745 0.16527988 0.08987045 0.08161224 0.046274595 0.052185286 -0.040241703 -0.018639082 0.21161988 -0.22033277 -0.06819834 -0.037572227 0.21764739 0.044624858 -0.07636913 0.056556616 0.092131376 0.16575891 -0.022842187 -0.053605814 0.30356273 0.32862493 -0.0069369124 0.058862507 0.19825928 -0.045239143 -0.001060456 0.03982416 -0.084227435 -0.057023216 -0.08603247 -0.083856605 0.3069798 0.25210822 0.11974794 0.12310548 -0.005003283 0.23796007 0.19372633 -0.07579434 0.011594731 0.12574042 0.19763513 0.14512323 -0.13477571 -0.13374916 0.026093524 0.034779027 0.27226883 0.05902412 -0.27624992 -0.0012844969 0.22669181 -0.057089306 0.07478045 0.12678137 0.01739073 -0.19340025 0.18690652 0.16662942 -0.039033383 -0.030993717 0.08678007 0.23928922 0.19947919 -0.046469696 -0.20739537 -0.2786017 0.046191934 0.012876713
pose12 0.12793876 -0.1185579 -0.168555 0.032902297 0.09676473 -0.055991862 0.066765 0.06717545 -0.016780868 0.07889032 0.19588843 0.13172662 -0.1701915 0.1045545 0.008654013 -0.20127946 0.075952314 -0.22495139 0.1109101 -0.12294456 0.017486136 0.09697303 0.018647194 -0.056497574 0.1447505 0.17249613 0.015157487 0.058255263 0.0040218383 0.18098158 0.023980454 0.032074846 0.094723396 -0.04548102 -0.1891876 0.16405177 -0.13383648 0.14744511 -0.0800995 -0.0107727945 0.0729954 0.15471926 -0.11592754 -0.06849445 -0.11264867 0.100567654 -0.12553461 -0.10001698 0.13156506 0.06856921 0.062352277 -0.15255408 0.13149571 -0.025840178 -0.11691797 -0.03613981 -0.01661918 0.025501069 -0.088404775 -0.0007929653 -0.11367736 -0.12924308 -0.1555886 -0.060430553 -0.109560445 -0.009598851 0.09303671 -0.091663025 0.067970276 0.023628455 0.1377798 -0.048332594 -0.13043052 -0.055339385 -0.08116555 -0.063871145 -0.08175309 -0.19863218 0.085385695 -0.008032024 -0.21468008 -0.11007669 0.12295339 -0.22501183 0.10464095 -0.12295684 0.077059865 -0.0925937 0.113085635 -0.11466719 0.13671798 -0.06523365 -0.13671055 -0.11474774 -0.17164536 -0.028090939 -0.07979165 -0.12415857 -0.20025519 0.042619437 -0.07166363 -0.02280327 -0.18328175 0.006737247 -0.00070619956 0.061191846 0.036126643 0.058002226 -0.30106953 0.012278436 0.0062258244 -0.14385892 -0.07895137 0.022850573 -0.029020656 -0.13540411 -0.007948548 0.0986767 -0.25060713 -0.03220769 -0.15713577 -0.003207773 -0.09366155 -0.05265081 -0.08637181 0.03168708 0.08886771 0.087826714
pose13 0.28582668 -0.109672435 -0.21714906 0.034365233 0.05502443 -0.05169823 -0.029981855 -0.024424441 -0.19971152 -0.14955887 0.08637666 -0.055906817 -0.109454796 0.29605073 0.076985076 -0.016887495 -0.0055127665 -0.10657294 0.10146873 -0.16029698 0.06385879 0.047940955 -0.16112743 -0.21383841 0.07878574 0.14988346 -0.04685817 -0.07161599 -0.1266841 0.026360434 -0.10220632 0.0017991215 0.21934222 -0.114981584 -0.05628658 0.109143674 -0.058940187 0.016133748 -0.22044161 -0.22472614 0.060193986 0.25344297 0.0054351706 -0.031946436 -0.022173267 0.18047646 -0.17756061 -0.16845247 0.04471236 0.15009484 -0.018084863 -0.074316524 0.15862943 -0.07254055 -0.20494123 -0.1122392 0.076750435 0.081362695 0.100323886 0.1510537 0.048552006 0.03288751 0.032898888 -0.011207763 -0.0989823 0.06598947 0.11369954 -0.20166047 -0.08239925 0.040042456 0.22778332 -0.0016289093 -0.08062433 0.05208452 0.08811727 0.099744745 -0.07759346 -0.048840843 0.31982595 0.22778629 -0.07189192 0.07061656 0.13093415 -0.08903259 0.044993743 -0.038725384 -0.024397336 -0.109741226 -0.020982403 -0.047997974 0.32620987 0.17290998 0.05690539 0.06802101 -0.003975792 0.17511569 0.120711386 -0.08550173 -0.057289045 0.17145161 0.12233022 0.07638156 -0.15564393 -0.10342149 0.008914101 0.11238864 0.2175757 0.018563133 -0.29660684 0.07491858 0.16326004 -0.06724596 0.0075007156 0.12699686 -0.014205895 -0.1588984 0.17729971 0.15873052 -0.12471503 0.013134878 0.042406436 0.21980119 0.09630649 -0.096157864 -0.23708671 -0.18282528 0.062505394 0.07957178
pose14 0.3107511 -0.0071704984 -0.21478271 -0.016698381 0.06970374 -0.006983798 -0.085064836 0.057975203 -0.23446101 -0.1559304 0.069253616 -0.0915575 -0.18848574 0.18468486 0.24625227 -0.033233367 -0.012342835 -0.0731027 0.043011077 -0.11054723 0.05063654 0.009124469 -0.005933482 -0.31062752 -0.0013955189 0.21504456 -0.0748018 0.00516453 -0.17669252 0.04473889 -0.15890035 -0.096039735 0.22277084 -0.08708147 -0.074007995 0.09191826 -0.008884028 0.010830295 -0.13816717 -0.29032385 -0.023352902 0.23461638 -0.030838123 0.06297652 -0.05458852 0.220251 -0.13435827 -0.1748513 0.043990284 0.14104193 -0.053419996 -0.04804492 0.104268886 0.005118059 -0.20575385 -0.18750985 0.025723292 0.035435114 0.123065054 0.12711015 0.07315073 0.058020756 -0.002569966 0.09874796 -0.026043344 -0.06011196 0.24598025 -0.17409456 -0.028187612 -0.10387346 0.18169124 0.06859063 -0.08098804 0.023774454 0.05989062 0.15574251 0.021117669 -0.12509498 0.23604591 0.30653793 -0.013834827 0.010950498 0.26126465 -0.10466372 0.026755411 0.02061478 -0.06739785 -0.03732909 -0.06829999 -0.124128416 0.24720006 0.20562549 0.096947156 0.077017516 -0.024822142 0.21726905 0.1549516 -0.062253643 -0.02885121 0.07057264 0.180507 0.14632007 -0.1384854 -0.07888851 0.011554467 -0.008899681 0.24292755 0.115196556 -0.28503254 -0.043399747 0.19426289 -0.04028262 0.077417806 0.09467488 0.03763191 -0.17532633 0.11123807 0.1601668 -0.065531306 -0.05482295 0.025635738 0.1806029 0.16901346 0.015519906 -0.16345227 -0.25086764 0.017496044 -0.010350464
pose15 0.22308777 -0.07832495 -0.208842 -0.00037800235 0.12745139 -0.086121015 0.06072905 0.039586093 -0.08497351 -0.010985851 0.1053291 0.095825486 -0.22042829 0.18949237 0.11401178 -0.20300606 0.13481204 -0.2585163 0.13375644 -0.12995529 -0.0084134415 0.12820926 -0.040023435 -0.1682666 0.1212548 0.1850288 -0.0031837486 0.031095112 -0.047144257 0.1304577 -0.05982068 0.018739857 0.13524413 -0.01721324 -0.21760322 0.21915312 -0.17631517 0.16467501 -0.17170058 -0.092333555 0.043443065 0.18080534 -0.06781099 -0.040849894 -0.09794406 0.15483266 -0.13392478 -0.15628408 0.12687062 0.059290297 0.089509435 -0.17395797 0.16932544 -0.021864329 -0.17625876 -0.07450409 -0.02280574 0.07611123 -0.058899805 0.06830378 -0.06057755 -0.08275798 -0.09585155 0.0074084215 -0.14259446 0.01012836 0.14844209 -0.12632486 0.009957649 -0.021959322 0.1770215 -0.012844883 -0.13235375 -0.039101955 -0.015277341 0.004931718 -0.046079315 -0.21139365 0.18444793 0.10599384 -0.15929587 -0.071742825 0.20753923 -0.23968823 0.15948 -0.1582863 0.114705175 -0.15397806 0.083061405 -0.15086886 0.21750039 0.04797493 -0.048329957 -0.06468091 -0.10511322 0.06276904 -0.0073394626 -0.051648177 -0.22291186 0.110546835 -0.0021928847 0.049687795 -0.19282737 -0.00827124 -0.045026008 0.092216894 0.10033186 0.11864298 -0.355676 0.02537325 0.06262071 -0.08899495 -0.058699828 0.06269327 -0.013692353 -0.14003332 0.015060045 0.1908581 -0.24864314 0.0022764653 -0.11795822 0.1070461 -0.011038348 -0.006010188 -0.17363384 -0.03362581 0.019327126 0.112662956
pose16 0.2720065 -0.042844553 -0.16339129 0.011846099 -0.002849359 0.032396756 -0.10678254 0.03168662 -0.22595087 -0.19048071 0.095110014 -0.16189116 -0.068973675 0.17078456 0.12856635 0.11340886 -0.11426623 0.03143344 0.007145647 -0.10393092 0.09525458 -0.044467516 -0.058723703 -0.22581701 -0.028813962 0.148675 -0.07046207 -0.043787435 -0.15668394 0.00047278404 -0.11393327 -0.081773646 0.21383476 -0.14168221 0.046310443 -0.01372388 0.0826003 -0.08110005 -0.105137214 -0.2986205 -0.0014911533 0.2203992 -0.011151651 0.035197277 0.0022825971 0.174586 -0.13251367 -0.13319261 -0.016243488 0.17965707 -0.10699892 0.016513169 0.0724078 -0.022664849 -0.16326584 -0.16314031 0.07801235 0.010756057 0.1781165 0.12590925 0.10668814 0.086781636 0.04756703 0.021233913 0.021111757 -0.010935608 0.14394796 -0.17016205 -0.052561544 -0.020824235 0.15880992 0.042852987 -0.037632585 0.055761337 0.06916723 0.14952892 -0.025043704 0.006552778 0.23107083 0.2910242 0.020317197 0.08861965 0.12212689 0.032446645 -0.06998757 0.10329142 -0.14674586 0.014049593 -0.10220017 -0.02368059 0.23000777 0.21022235 0.110170305 0.13422497 -0.0035863984 0.21496923 0.17886534 -0.09586243 0.06887924 0.06572066 0.19569346 0.10819313 -0.08077943 -0.122246705 0.06098714 0.0045313146 0.24611747 0.014663011 -0.17301415 -0.0328934 0.19141631 -0.0646043 0.089179456 0.107689895 0.029872304 -0.14951342 0.183286 0.07605639 0.02423362 -0.054282546 0.10350203 0.16292426 0.19239971 -0.061403558 -0.12899445 -0.27106088 0.070332095 -0.033681702
pose17 0.3493138 0.015408713 -0.18865564 -0.0135905305 -0.00087073445 0.016541861 -0.15457645 -0.026749793 -0.2992487 -0.30875772 -0.014439426 -0.22377777 -0.114092626 0.24422204 0.23589934 0.16761458 -0.08549773 0.02015245 0.034207504 -0.11382778 0.07718387 -0.036705233 -0.113651305 -0.3381617 -0.09174459 0.15474835 -0.0830805 -0.10704505 -0.24012703 -0.08574659 -0.20367494 -0.1363197 0.25683895 -0.10991489 0.05118807 0.02005706 0.08907463 -0.0970365 -0.19333184 -0.40454343 -0.05594965 0.26351294 0.08382098 0.09112921 0.027949437 0.22495973 -0.111162744 -0.17764151 -0.060380027 0.1813609 -0.101719126 0.001206398 0.10256243 -0.018094363 -0.22795883 -0.23108262 0.08349304 0.07287037 0.25044078 0.23425949 0.20995763 0.17747475 0.15838684 0.10652466 0.031194653 -0.0068694875 0.18933195 -0.1856882 -0.13787249 -0.07491387 0.19275858 0.10933681 -0.008671798 0.09082785 0.16073722 0.25677028 0.041241072 0.034110785 0.33422142 0.44640285 0.11813119 0.15930897 0.19240142 0.055929214 -0.049417466 0.11111153 -0.14541754 -0.024605967 -0.14431284 -0.058816537 0.29450193 0.34897658 0.23112705 0.24419951 0.08847652 0.31466797 0.29313 -0.021602198 0.09941503 0.14973997 0.28461325 0.19463494 -0.055225417 -0.15673643 0.018750038 0.013917918 0.31384903 0.07352895 -0.20172755 -0.030348355 0.29122844 0.02949937 0.13445655 0.15642962 0.05760841 -0.16623369 0.2076635 0.1628972 0.0771998 -0.0075859483 0.16675964 0.2889496 0.3235814 -0.011378259 -0.18943141 -0.40113574 -0.01707229 -0.028978176
pose18 0.33127168 0.0053105727 -0.2128195 -0.03986276 0.09871392 -0.05373982 -0.05960849 0.0023357049 -0.22757559 -0.18140054 -0.019493185 -0.075602256 -0.2291461 0.2461047 0.28266102 -0.04100699 0.077019356 -0.13542089 0.104530394 -0.10137223 0.012366343 0.06653611 -0.06942627 -0.33328253 -0.011412889 0.20303957 -0.069246754 -0.03104728 -0.18265662 0.0050010253 -0.18738884 -0.08531807 0.2182203 -0.032604896 -0.12035687 0.16857556 -0.06977946 0.053910337 -0.21892703 -0.29766116 -0.036526315 0.23199114 0.022967849 0.066207945 -0.055904754 0.23129886 -0.11540535 -0.19693235 0.0365865 0.10570016 0.011109792 -0.09968713 0.15220225 0.0035913214 -0.2342366 -0.1857171 0.019842396 0.10098615 0.108782955 0.18990725 0.10397555 0.07472125 0.053382546 0.14036691 -0.059741683 -0.029010616 0.23666905 -0.17881565 -0.07797253 -0.1094031 0.20467347 0.08747456 -0.07834894 0.028032916 0.11095626 0.18560286 0.039068874 -0.12462738 0.29973757 0.3446483 0.01624285 0.0533051 0.2800681 -0.13543636 0.11112927 -0.05972884 0.012098532 -0.11711757 -0.046585973 -0.1482516 0.29009792 0.25235128 0.14707604 0.1097029 0.025464373 0.23992021 0.17988822 0.026978701 -0.074971214 0.15263984 0.18956831 0.1724774 -0.11896342 -0.07227433 -0.047940247 0.041808374 0.23445314 0.15478334 -0.3318345 -0.0063376017 0.208076 0.005356621 0.059279162 0.11497823 0.039980713 -0.15591186 0.100692734 0.2391632 -0.08326416 0.0081905015 0.026284738 0.26015136 0.20579216 0.046637375 -0.22483112 -0.25757393 -0.05159982 0.037764996
pose19 0.3169379 -0.04939062 -0.20991147 0.044492677 -0.021434508 0.041222464 -0.17215443 0.019729469 -0.30494356 -0.26222926 0.0849192 -0.22012278 -0.041222446 0.26248854 0.15226325 0.14221162 -0.16767083 0.08420978 -0.0026816875 -0.14559555 0.13240157 -0.08498944 -0.10197057 -0.29630527 -0.01618453 0.16101989 -0.10517429 -0.074369274 -0.23095673 -0.032216456 -0.16050953 -0.08615003 0.27260047 -0.19137767 0.10014884 -0.047778457 0.11739104 -0.14302012 -0.15199573 -0.3593424 0.010265441 0.28173846 0.017817896 0.04710553 0.029167019 0.20942916 -0.17293756 -0.15438038 -0.025073647 0.22566763 -0.1689322 0.056818433 0.072080374 -0.050949585 -0.20612724 -0.19202095 0.12289706 0.016509537 0.26039296 0.17139816 0.14856112 0.14883582 0.100416094 0.042525277 0.01927723 -0.0025332458 0.17010467 -0.22006062 -0.08611034 -0.014231011 0.2060954 0.053816445 -0.029285405 0.10940911 0.12659743 0.19822541 -0.020926032 0.045579433 0.32431987 0.36628962 0.04699424 0.1222049 0.1532908 0.062371656 -0.11469988 0.15988818 -0.21247496 0.023220714 -0.15200502 0.0058040693 0.3087054 0.28637874 0.15563962 0.17621073 0.040611744 0.28472504 0.25497434 -0.13456032 0.13262641 0.09845105 0.25532958 0.1417625 -0.106781304 -0.16415563 0.08689137 0.002955474 0.33002236 -0.018663615 -0.18062964 -0.0052423216 0.26295236 -0.034158867 0.12201765 0.13333681 0.034691673 -0.18289714 0.2631681 0.090248965 0.051989157 -0.06179943 0.18612969 0.23767078 0.22450459 -0.10910474 -0.17719537 -0.35125318 0.08180614 -0.04384515
pose20 0.19020633 -0.077403784 -0.1624295 0.016723428 0.05011871 0.008745088 -0.030626204 0.104374506 -0.10273468 -0.023138016 0.18870458 -0.0025194734 -0.11475068 0.0867174 0.06799222 -0.060221754 -0.04303375 -0.081436925 0.031980254 -0.111291 0.073769175 0.008124635 0.039050356 -0.13244914 0.05795842 0.19950537 -0.051503703 0.055449545 -0.065060325 0.1300786 -0.031597815 -0.040508304 0.17423838 -0.12159051 -0.07175946 0.056965824 -0.016303457 0.03393546 -0.04229556 -0.13674936 0.041226305 0.19107544 -0.12142055 -0.01523225 -0.0896255 0.14700733 -0.13434935 -0.10970813 0.06928228 0.146228 -0.048084863 -0.04901835 0.07903282 -0.011877504 -0.12047444 -0.10671958 0.03637495 -0.022342306 0.028834298 0.02166757 -0.0406276 -0.041562926 -0.1039941 -0.0261168 -0.031157142 -0.056907833 0.16018566 -0.14933361 0.058692317 -0.017194247 0.13195646 -0.009275984 -0.10257654 -0.016940318 -0.04438453 0.020737566 -0.06022976 -0.1257641 0.10851663 0.102660924 -0.12389285 -0.06377153 0.13331792 -0.10707247 0.0019159429 0.008284377 -0.05100482 -0.0056890957 0.0066752657 -0.077977724 0.1541325 0.03480281 -0.047940694 -0.02215533 -0.13241519 0.06661868 0.019851752 -0.14264846 -0.06110208 -0.006201379 0.04258 0.032922342 -0.14392039 -0.054842696 0.057339665 -0.003862314 0.12983808 0.039159115 -0.2322285 -0.0397358 0.087999016 -0.14818923 0.0077945404 0.038480774 0.0013846811 -0.15451884 0.07921087 0.055654764 -0.114265 -0.084640965 -0.051312685 0.028964981 0.01831454 -0.05032996 -0.074920096 -0.10160868 0.114286974 0.005501206
pose21 0.26620108 -0.004993163 -0.17447048 -0.019172046 0.041832864 0.035927296 -0.09255281 0.10811606 -0.2152489 -0.117439255 0.11228546 -0.12223399 -0.15419406 0.08389425 0.22277206 0.006701206 -0.065792546 -0.0017037615 -0.025255717 -0.06827927 0.06769141 -0.03375177 0.06869028 -0.2616926 -0.026694275 0.20725673 -0.07065425 0.04403136 -0.1469295 0.06723356 -0.12784243 -0.11233866 0.19592442 -0.111242644 -0.029755618 0.01963842 0.05962544 -0.027055534 -0.045027815 -0.2899249 -0.024070188 0.19358486 -0.07896998 0.07373487 -0.04688386 0.1907637 -0.12102862 -0.13807873 0.03413101 0.14717431 -0.09053047 -0.001010228 0.04707063 0.036910847 -0.15892467 -0.18566683 0.014909137 -0.02330609 0.13015449 0.065417476 0.06537825 0.03733787 -0.04257325 0.07848717 0.027089182 -0.09132975 0.2301144 -0.14141884 0.019222569 -0.108539015 0.12799102 0.057340525 -0.070767626 0.004029343 0.008898418 0.13236609 0.014980916 -0.11006099 0.14623529 0.2744968 -0.016522638 -0.0057387315 0.22311252 -0.052437842 -0.030193543 0.08336544 -0.11707109 0.039402407 -0.09918563 -0.100527644 0.1644168 0.16177852 0.07061995 0.066076994 -0.06313975 0.18924941 0.12293483 -0.08866657 0.015404746 -0.014424838 0.18366179 0.117994346 -0.11244443 -0.06772593 0.051239636 -0.062284928 0.222799 0.09371044 -0.20943919 -0.096767634 0.15684147 -0.074798144 0.100177854 0.0675635 0.042333387 -0.1583573 0.09811948 0.085627556 -0.013168439 -0.101695955 0.024033397 0.098398365 0.17034805 0.018356375 -0.082881466 -0.23419815 0.050264765 -0.07594325
pose22 0.3061106 -0.05626478 -0.22145824 -0.0071173985 0.09453018 -0.064327255 -0.021546312 -0.008142989 -0.19431879 -0.14127158 0.041389097 -0.04084164 -0.19496047 0.27768034 0.18258324 -0.06490357 0.07343445 -0.15920213 0.13144273 -0.12925696 0.024677437 0.083189696 -0.10921949 -0.26885685 0.052441422 0.18884706 -0.052094087 -0.03405173 -0.13717943 0.03922556 -0.13378927 -0.021719713 0.21387945 -0.057006884 -0.1225189 0.18143931 -0.10191393 0.0775104 -0.23487863 -0.24069211 0.01888753 0.24392353 0.008984812 0.00059286505 -0.053962912 0.20519848 -0.15136498 -0.19163693 0.06181003 0.119938344 0.02352865 -0.11205794 0.18074177 -0.032641046 -0.22242567 -0.13269943 0.03639941 0.102061674 0.07021874 0.16406775 0.04771964 0.02848013 0.017449299 0.06144841 -0.10384205 0.018593878 0.18206488 -0.18988729 -0.07205236 -0.030441832 0.22455628 0.031510346 -0.09921822 0.023769435 0.08642218 0.11863111 -0.025373833 -0.11404568 0.31280994 0.2592501 -0.051000547 0.033454098 0.21395756 -0.14576572 0.111997455 -0.088399515 0.038239826 -0.13980627 -0.015885122 -0.116274476 0.3093273 0.19362557 0.08874773 0.061108775 -0.011582101 0.18272737 0.1271229 -0.019513682 -0.10605878 0.17476888 0.13066679 0.12046803 -0.15119934 -0.077718884 -0.035908096 0.0865673 0.21119913 0.09412959 -0.34345445 0.04338263 0.16071153 -0.040196843 0.016885057 0.11489636 0.002904877 -0.16200532 0.11589864 0.21744107 -0.13070567 0.015196737 0.0052305534 0.24151644 0.13621297 -0.016946888 -0.2485111 -0.18262261 -0.0031111874 0.07791215
pose23 0.41913998 0.0070856586 -0.25399306 -0.0397101 0.07406662 -0.04997342 -0.14257945 -0.033101127 -0.31568694 -0.28464925 -0.0105281025 -0.17597505 -0.21885654 0.30185002 0.30971214 0.028893502 0.006237332 -0.0942312 0.07226328 -0.17454249 0.042896025 0.03310404 -0.13264467 -0.41953057 -0.064895645 0.26350236 -0.085270986 -0.10026058 -0.2689464 -0.043263238 -0.23525375 -0.16875418 0.33186984 -0.087777555 -0.068361044 0.14342856 -0.016541304 -0.004212752 -0.24840456 -0.4360217 -0.056660846 0.3412277 0.08497296 0.109157905 -0.08337972 0.30624634 -0.13858636 -0.24146333 -0.023763858 0.17538264 -0.048607238 -0.07831424 0.16395625 -0.012286352 -0.28213283 -0.2906807 0.05790834 0.121197835 0.20763499 0.26486072 0.18416642 0.14904168 0.122961424 0.142708 -0.04212321 -0.06386322 0.30933064 -0.24103567 -0.13817605 -0.11824764 0.25879133 0.12620156 -0.060961135 0.063273534 0.16073646 0.28609943 0.04793039 -0.08064362 0.38062045 0.47069484 0.05783902 0.112835914 0.306589 -0.08089201 0.05707193 0.0033718375 -0.048377316 -0.0932152 -0.111412615 -0.16843784 0.35813618 0.37270355 0.20862445 0.21932274 0.07077805 0.3252164 0.25221854 0.008386381 0.0049370397 0.19584933 0.27054203 0.2188595 -0.12648416 -0.15811755 -0.034791768 0.04595772 0.3330137 0.15459892 -0.35090932 -0.016587002 0.3463731 0.027887274 0.12002122 0.18588088 0.037321463 -0.25002587 0.180637 0.26140898 -0.027252737 0.017042268 0.09718299 0.33637774 0.32165214 0.07001053 -0.24863932 -0.3900177 -0.056460824 0.021367326
pose24 0.32211033 -0.00048290566 -0.19554633 -0.015949499 0.016775638 0.047597412 -0.14475513 0.08610822 -0.26045787 -0.21583036 0.108761355 -0.18170913 -0.14531332 0.13095717 0.24652109 0.09164937 -0.11720009 0.034728467 -0.011427365 -0.100218296 0.10387649 -0.061684035 0.019257598 -0.30954584 -0.063015275 0.22273023 -0.09524506 0.0025387239 -0.20047519 0.0268275 -0.15659237 -0.14711875 0.263035 -0.14364642 0.024356004 -0.007370405 0.105152495 -0.082042396 -0.07509621 -0.36596507 -0.03858104 0.25906548 -0.042668432 0.09049129 -0.043768186 0.2363092 -0.13341926 -0.16647221 -0.008375537 0.19731948 -0.12691438 0.019358478 0.061075 0.021090608 -0.18681741 -0.22516602 0.06534885 -0.010968432 0.19584689 0.11972532 0.117830634 0.09668787 0.020446992 0.07732218 0.053681858 -0.08747756 0.2539746 -0.1886892 -0.022516208 -0.1092103 0.16133156 0.085999 -0.05818356 0.04256407 0.052694187 0.19348972 0.019158669 -0.055298313 0.20650274 0.37022918 0.02521934 0.045510795 0.22716144 -0.00076055527 -0.074597344 0.13628358 -0.16859439 0.045507926 -0.13088273 -0.1001407 0.22368927 0.24835767 0.12447097 0.1481603 -0.030947953 0.24594247 0.21073286 -0.09724191 0.08061718 0.024265327 0.23746362 0.15830036 -0.10025197 -0.12572381 0.06822306 -0.060255487 0.28107786 0.091086924 -0.21443461 -0.08651121 0.23765701 -0.0695183 0.12951295 0.10162567 0.052244272 -0.19233894 0.16469857 0.10028264 0.03837393 -0.08957471 0.08890315 0.16226102 0.25496355 -0.0058700833 -0.10963456 -0.3402179 0.06797027 -0.0786926
pose25 0.24313456 -0.059296638 -0.1936192 -0.00096707774 0.07454656 -0.03280155 -0.0078032985 0.044701405 -0.14020506 -0.06967805 0.11592549 0.0015096441 -0.18330915 0.15817302 0.124560535 -0.09359804 0.029409548 -0.15524416 0.084858954 -0.12028773 0.031933345 0.057058975 -0.025050484 -0.19524515 0.06084603 0.18100153 -0.031400643 0.009235771 -0.089850575 0.0895413 -0.080671266 -0.033947546 0.1688436 -0.06616912 -0.12464577 0.12913868 -0.07211298 0.0807454 -0.13691957 -0.17849435 0.019817607 0.20086902 -0.049483005 -0.005884573 -0.06764647 0.17031887 -0.13014774 -0.14945349 0.068125784 0.1106967 0.006352991 -0.10468753 0.12952362 -0.015997559 -0.16901423 -0.11730491 0.012059029 0.044968706 0.02505739 0.08600068 -0.0032884702 -0.024019707 -0.05871562 0.014479101 -0.07132541 -0.0086091915 0.16078669 -0.1415465 -0.008458268 -0.032776687 0.16702217 0.011706095 -0.0961309 -0.012299191 0.01169984 0.054994553 -0.035746783 -0.14623511 0.18685514 0.17189673 -0.09585686 -0.026323892 0.1798935 -0.14280117 0.0657579 -0.052648388 0.012599718 -0.077547014 0.01102329 -0.11590237 0.2064535 0.09527899 0.005428061 0.008418389 -0.07916149 0.11063913 0.05441515 -0.07752454 -0.11468475 0.08559072 0.067945294 0.073600866 -0.1516662 -0.04925376 -0.0005545281 0.04462351 0.15769225 0.08938575 -0.28689128 -0.0016928557 0.11234609 -0.08615995 0.0037334077 0.07781737 0.0063237455 -0.15108539 0.06408629 0.14139637 -0.14329664 -0.029408399 -0.05757194 0.12142384 0.06927495 -0.017812032 -0.14748609 -0.12343029 0.043249354 0.0483572
